4294967278,264
4294967294,1438
4294967294,1441
4294967294,1432
4294967294,28
4294967278,262
4294967279,285
4294967278,257
230,6
230,5
230,4
230,3
230,2
230,1
4243767290,0
4243767290,3
4243767290,2
4243767289,0
4294967279,218
4294967278,47
4294967279,26
4294967279,421
4294967278,413
4294967279,488
4294967279,482
4294967278,131
4294967278,130
4294967278,129
4294967278,128
4294967278,126
4294967278,125
4294967278,123
4294967278,122
4294967278,120
4294967278,119
4294967278,117
4294967278,114
4294967278,112
4294967278,111
4294967278,110
4294967278,229
4294967278,109
4294967278,107
4294967278,101
4294967278,100
4294967278,98
4294967278,360
4294967278,91
4294967278,90
4294967278,87
4294967278,84
4294967278,82
4294967278,80
4294967278,78
4294967278,75
4294967278,74
4294967278,73
4294967278,72
4294967278,71
4294967278,70
4294967278,68
4294967278,61
4294967278,59
4294967278,53
4294967278,52
4294967278,51
4294967278,49
4294967278,42
4294967278,40
4294967278,37
4294967278,35
4294967278,34
4294967278,33
4294967278,32
4294967278,30
4294967278,260
4294967278,288
4294967278,28
4294967278,21
4294967278,14
4294967278,13
4294967278,11
4294967278,366
4294967279,260
4294967279,492
4294967279,174
4294967279,247
4294967279,25
4294967279,24
4294967279,21
4294967279,19
4294967279,494
4294967279,14
4294967279,12
4294967279,6
4294967279,5
4294967279,4
4294967294,55
4294967294,57
4294967294,584
4294967294,80
4294967294,50
4294967294,429
4294967294,427
4294967294,473
4294967294,30
4294967294,12
4294967294,1160
4294967294,1159
4294967294,1157
4294967294,1152
4294967294,1085
4294967294,1077
4294967294,1076
4294967294,1075
4294967294,1073
4294967294,1067
4294967294,182
4294967294,173
4294967294,161
4294967278,92
4294967278,422
4294967279,395
4294967279,202
4294967279,201
4294967279,196
4294967279,193
4294967279,192
4294967279,187
4294967279,185
4294967279,184
4294967279,183
4294967279,179
4294967279,178
4294967279,177
4294967279,169
4294967279,160
4294967279,155
4294967279,490
4294967279,150
4294967294,81
4294967294,68
4294967294,11
4294967294,5
4294967278,147
4294967278,146
229,5
229,4
229,3
229,2
229,1
4294967278,351
228,5
4294967279,142
228,4
4294967278,141
228,3
228,2
228,1
4294967294,486
4294967294,485
4294967294,484
4294967294,483
4294967294,482
4294967278,139
4294967279,139
227,7
4294967279,279
227,6
227,5
4294967279,137
227,4
227,3
227,2
227,1
4294967294,392
4294967279,486
4294967279,23
4294967294,388
4294967278,272
4294967279,290
226,5
4294967278,271
226,4
226,3
226,2
226,1
4294967279,273
4294967279,416
4294967278,268
4294967278,282
225,5
225,4
225,3
225,2
225,1
4294967279,287
4294967278,280
4294967279,267
4294967279,266
4294967278,263
4294967279,265
224,6
224,5
224,4
224,3
224,2
224,1
4294967279,319
4294967279,284
4294967278,315
4294967279,258
223,5
4294967278,314
223,4
4294967279,318
223,3
223,2
223,1
4294967279,257
4294967278,313
4294967294,481
4294967279,317
222,6
222,5
222,4
222,3
222,2
222,1
4294967279,310
0,5
221,6
221,5
221,4
221,3
221,2
221,1
4294967294,1425
4294967294,1068
4294967294,29
4294967294,1246
4294967279,246
4294967294,1440
4294967294,1428
220,4
220,3
220,2
220,1
4294967278,238
4294967279,399
4294967279,237
219,6
219,5
219,4
219,3
219,2
219,1
4294967279,230
4294967294,38
4294967294,37
4294967294,40
4294967294,390
4294967294,1426
4294967294,115
4294967294,426
4294967294,120
4294967278,228
4294967278,223
4294967279,224
4294967279,222
218,4
218,3
218,2
218,1
4294967294,1241
4294967294,1
4294967294,1086
4294967294,480
4294967294,0
4294967278,218
4294967279,216
4294967294,1163
4294967294,36
4294967294,39
4294967294,387
4294967294,46
4294967293,131
4294967293,130
4294967293,129
4294967293,128
4294967293,127
4294967293,126
4294967293,125
4294967293,124
4294967293,123
4294967293,122
4294967293,121
4294967293,120
4294967293,119
4294967293,118
4294967293,117
4294967293,116
4294967293,115
4294967293,114
4294967293,113
4294967293,112
4294967293,111
4294967293,110
4294967293,109
4294967293,108
4294967293,107
4294967293,106
4294967293,105
4294967293,104
4294967293,103
4294967293,102
4294967293,101
4294967293,100
4294967293,99
4294967293,98
4294967293,97
4294967293,96
4294967293,95
4294967293,94
4294967293,93
4294967293,92
4294967293,91
4294967293,90
4294967293,89
4294967293,87
4294967293,86
4294967293,85
4294967293,84
4294967293,83
4294967293,82
4294967293,81
4294967293,80
4294967293,79
4294967293,78
4294967293,77
4294967293,76
4294967293,75
4294967293,74
4294967293,73
4294967293,72
4294967293,71
4294967293,70
4294967293,69
4294967293,68
4294967293,67
4294967293,66
4294967293,65
4294967293,64
4294967293,63
4294967293,62
4294967293,61
4294967293,60
4294967293,59
4294967293,58
4294967293,57
4294967293,56
4294967293,55
4294967293,54
4294967293,53
4294967293,52
4294967293,51
4294967293,50
4294967293,49
4294967293,48
4294967293,47
4294967293,46
4294967293,45
4294967293,44
4294967293,43
4294967293,42
4294967293,41
4294967293,40
4294967293,39
4294967293,38
4294967293,37
4294967293,36
4294967293,35
4294967293,34
4294967293,33
4294967293,32
4294967293,31
4294967293,30
4294967293,29
4294967293,28
4294967293,27
4294967293,26
4294967293,25
4294967293,24
4294967293,23
4294967293,22
4294967293,21
4294967293,20
4294967293,19
4294967293,18
4294967293,17
4294967293,16
4294967293,15
4294967293,14
4294967293,13
4294967293,12
4294967293,11
4294967293,10
4294967293,9
4294967293,8
4294967293,7
4294967293,6
4294967293,5
4294967293,4
4294967293,3
4294967278,23
4294967278,277
4294967278,15
4294967278,9
4294967278,8
4294967278,7
4294967279,122
4294967279,119
4294967279,118
4294967279,113
4294967279,112
4294967279,111
4294967279,108
4294967279,221
4294967279,103
4294967279,102
4294967279,100
4294967279,96
4294967279,92
4294967279,91
4294967279,85
4294967279,83
4294967279,82
4294967279,81
4294967279,77
4294967279,75
4294967279,72
4294967279,71
4294967279,69
4294967279,68
4294967279,64
4294967279,63
4294967279,0
4294967279,387
4294967279,60
4294967279,59
4294967279,57
4294967279,55
4294967279,54
4294967279,52
4294967279,51
4294967279,50
4294967279,46
4294967279,45
4294967279,44
4294967279,41
4294967279,39
4294967279,36
4294967279,35
4294967279,34
4294967279,33
4294967279,32
4294967279,30
217,6
217,5
217,4
217,3
217,2
217,1
4294967278,433
4294967279,93
4294967294,417
4294967294,1435
4294967294,94
4294967294,96
216,5
216,4
4294967279,207
216,3
216,2
216,1
0,7
215,8
215,7
215,6
215,5
4294967294,22
4294967294,7
4294967294,6
4294967294,93
4294967294,95
4294967294,17
4294967294,99
4294967294,76
4294967294,41
215,4
215,3
215,2
215,1
4294967279,478
4294967294,8
4294967294,9
4294967294,107
4294967294,67
4294967294,42
214,4
214,3
214,2
214,1
4294967294,2
4294967294,27
4294967294,1421
4294967294,92
4294967294,91
4294967294,90
4294967294,88
4294967294,87
4294967294,86
4294967294,85
4294967279,467
4294967294,84
4294967278,378
4294967294,26
4294967294,1249
4294967279,79
4294967294,25
4294967294,82
213,5
213,4
4294967279,194
213,3
213,2
213,1
4294967279,459
4294967278,192
4294967294,53
4294967294,51
4294967294,45
4294967294,44
4294967294,43
4294967294,52
4294967294,178
4294967294,454
4294967294,451
4294967294,416
4294967294,465
4294967278,418
4294967279,78
4294967279,73
